DAQ measurement:
T_avg = 0.5035 uW
T_err = 0.00413 uW
T_ptp = 0.003125 uW

Powermeter measurement:
T_avg = 0.5034 uW
T_err = 0.01126 uW
T_ptp = 0.03536 uW

Calibration constants:
Ch1_avg = 774.6 uWV^-1
Ch1_err = 36.56 uWV^-1
Ch1_ptp = 47.54 uWV^-1
Ch2_avg = 774.6 uWV^-1
Ch2_err = 36.56 uWV^-1
Ch2_ptp = 47.54 uWV^-1
