Rampup 1:
T_avg = 0.4224
T_sem = 0.0007433
T_std = 0.005041
T_ptp = 0.01885

Rampup 2:
T_avg = 0.4418
T_sem = 0.0003927
T_std = 0.002663
T_ptp = 0.009275
